1731937105048 0.010860711376595167 10
1731937130652 0.021721422753190334 20
1731937155804 0.0325821341297855 30
1731937181199 0.04344284550638067 40
1731937207017 0.054303556882975834 50
1731937233460 0.065164268259571 60
1731937258866 0.07602497963616617 70
1731937284288 0.08688569101276133 80
1731937309094 0.0977464023893565 90
1731937334068 0.10860711376595167 100
1731937360387 0.11946782514254684 110
1731937385215 0.130328536519142 120
1731937411110 0.14118924789573717 130
1731937436744 0.15204995927233234 140
1731937462173 0.1629106706489275 150
1731937487822 0.17377138202552267 160
1731937513817 0.18463209340211784 170
1731937538919 0.195492804778713 180
1731937565169 0.20635351615530817 190
1731937590699 0.21721422753190334 200
1731937616834 0.2280749389084985 210
1731937642597 0.23893565028509367 220
1731937668245 0.24979636166168884 230
1731937693736 0.260657073038284 240
1731937719237 0.27151778441487917 250
1731937744922 0.28237849579147434 260
1731937770255 0.2932392071680695 270
1731937795731 0.30409991854466467 280
1731937821762 0.31496062992125984 290
1731937847030 0.325821341297855 300
1731937872964 0.33668205267445017 310
1731937898147 0.34754276405104534 320
1731937924099 0.3584034754276405 330
1731937949787 0.3692641868042357 340
1731937976157 0.38012489818083084 350
1731938001856 0.390985609557426 360
1731938027139 0.4018463209340212 370
1731938052619 0.41270703231061634 380
1731938079085 0.4235677436872115 390
1731938105180 0.4344284550638067 400
1731938131015 0.44528916644040184 410
1731938157040 0.456149877816997 420
1731938182771 0.4670105891935922 430
1731938209077 0.47787130057018734 440
1731938234102 0.4887320119467825 450
1731938259292 0.4995927233233777 460
1731938284619 0.5104534346999728 470
1731938311006 0.521314146076568 480
1731938336829 0.5321748574531632 490
1731938362474 0.5430355688297583 500
1731938394491 0.5430355688297583 500
1731938421019 0.5538962802063535 510
1731938446353 0.5647569915829487 520
1731938472175 0.5756177029595438 530
1731938497653 0.586478414336139 540
1731938523459 0.5973391257127342 550
1731938549343 0.6081998370893293 560
1731938575197 0.6190605484659245 570
1731938601569 0.6299212598425197 580
1731938627179 0.6407819712191148 590
1731938653071 0.65164268259571 600
1731938678687 0.6625033939723052 610
1731938704615 0.6733641053489003 620
1731938731064 0.6842248167254955 630
1731938756267 0.6950855281020907 640
1731938782286 0.7059462394786858 650
1731938807260 0.716806950855281 660
1731938833926 0.7276676622318762 670
1731938860362 0.7385283736084713 680
1731938885416 0.7493890849850665 690
1731938910952 0.7602497963616617 700
1731938936861 0.7711105077382568 710
1731938962830 0.781971219114852 720
1731938988222 0.7928319304914472 730
1731939013989 0.8036926418680423 740
1731939039131 0.8145533532446375 750
1731939064870 0.8254140646212327 760
1731939090423 0.8362747759978278 770
1731939116386 0.847135487374423 780
1731939142324 0.8579961987510182 790
1731939167850 0.8688569101276133 800
1731939193677 0.8797176215042085 810
1731939219012 0.8905783328808037 820
1731939244856 0.9014390442573988 830
1731939270817 0.912299755633994 840
1731939296036 0.9231604670105892 850
1731939321770 0.9340211783871843 860
1731939348111 0.9448818897637795 870
1731939374025 0.9557426011403747 880
1731939399559 0.9666033125169698 890
1731939424752 0.977464023893565 900
1731939450044 0.9883247352701602 910
1731939475978 0.9991854466467553 920
1731939489782 0.9991854466467553 920
