1731937105048 201.5004425048828 10
1731937130652 250.95639038085938 20
1731937155804 192.2726593017578 30
1731937181199 226.9930419921875 40
1731937207017 159.92543029785156 50
1731937233460 141.96067810058594 60
1731937258866 146.13084411621094 70
1731937284288 702.2327270507812 80
1731937309094 112.8309326171875 90
1731937334068 104.82286071777344 100
1731937360387 112.75096893310547 110
1731937385215 176.12554931640625 120
1731937411110 116.94332885742188 130
1731937436744 105.93977355957031 140
1731937462173 297.2342529296875 150
1731937487822 76.9939193725586 160
1731937513817 635.2742309570312 170
1731937538919 141.28829956054688 180
1731937565169 115.74446868896484 190
1731937590699 420.4985656738281 200
1731937616834 137.59779357910156 210
1731937642597 94.61710357666016 220
1731937668245 75.22775268554688 230
1731937693736 92.5822982788086 240
1731937719237 61.94536590576172 250
1731937744922 78.70796966552734 260
1731937770255 92.45819854736328 270
1731937795731 86.81922149658203 280
1731937821762 66.39888000488281 290
1731937847030 64.00416564941406 300
1731937872964 73.4181137084961 310
1731937898147 65.84211730957031 320
1731937924099 126.89302825927734 330
1731937949787 63.0610237121582 340
1731937976157 55.87234115600586 350
1731938001856 99.6388168334961 360
1731938027139 61.992740631103516 370
1731938052619 64.86578369140625 380
1731938079085 55.552433013916016 390
1731938105180 72.34941864013672 400
1731938131015 58.154937744140625 410
1731938157040 168.24603271484375 420
1731938182771 79.53717803955078 430
1731938209077 90.3132095336914 440
1731938234102 65.43228149414062 450
1731938259292 95.22049713134766 460
1731938284619 164.9193115234375 470
1731938311006 71.3918685913086 480
1731938336829 95.75065612792969 490
1731938362474 47.80940628051758 500
1731938421019 57.08771514892578 510
1731938446353 64.69664001464844 520
1731938472175 69.59612274169922 530
1731938497653 54.37866973876953 540
1731938523459 62.57714080810547 550
1731938549343 63.46900177001953 560
1731938575197 57.45365524291992 570
1731938601569 67.91267395019531 580
1731938627179 67.20659637451172 590
1731938653071 67.1651382446289 600
1731938678687 103.52577209472656 610
1731938704615 56.18679428100586 620
1731938731064 95.94593048095703 630
1731938756267 77.16380310058594 640
1731938782286 100.30877685546875 650
1731938807260 54.57420349121094 660
1731938833926 67.5453109741211 670
1731938860362 312.11065673828125 680
1731938885416 48.81449890136719 690
1731938910952 74.511962890625 700
1731938936861 50.61943817138672 710
1731938962830 66.65303802490234 720
1731938988222 42.73997497558594 730
1731939013989 53.00882339477539 740
1731939039131 77.34624481201172 750
1731939064870 74.44145202636719 760
1731939090423 86.36536407470703 770
1731939116386 85.2519760131836 780
1731939142324 57.64076614379883 790
1731939167850 79.15475463867188 800
1731939193677 52.76255416870117 810
1731939219012 474.6130676269531 820
1731939244856 84.5054702758789 830
1731939270817 60.12059783935547 840
1731939296036 55.65946578979492 850
1731939321770 60.169227600097656 860
1731939348111 291.5298156738281 870
1731939374025 66.86709594726562 880
1731939399559 55.851993560791016 890
1731939424752 66.88319396972656 900
1731939450044 63.195701599121094 910
1731939475978 56.18288040161133 920
