1731937105048 1.0000000000000002e-06 10
1731937130652 2.0000000000000003e-06 20
1731937155804 3e-06 30
1731937181199 4.000000000000001e-06 40
1731937207017 5e-06 50
1731937233460 6e-06 60
1731937258866 7.000000000000001e-06 70
1731937284288 8.000000000000001e-06 80
1731937309094 9e-06 90
1731937334068 1e-05 100
1731937360387 1.1000000000000001e-05 110
1731937385215 1.2e-05 120
1731937411110 1.3000000000000001e-05 130
1731937436744 1.4000000000000001e-05 140
1731937462173 1.5e-05 150
1731937487822 1.6000000000000003e-05 160
1731937513817 1.7000000000000003e-05 170
1731937538919 1.8e-05 180
1731937565169 1.9e-05 190
1731937590699 2e-05 200
1731937616834 2.1e-05 210
1731937642597 2.2000000000000003e-05 220
1731937668245 2.3000000000000003e-05 230
1731937693736 2.4e-05 240
1731937719237 2.5e-05 250
1731937744922 2.6000000000000002e-05 260
1731937770255 2.7000000000000002e-05 270
1731937795731 2.8000000000000003e-05 280
1731937821762 2.9e-05 290
1731937847030 3e-05 300
1731937872964 3.1e-05 310
1731937898147 3.2000000000000005e-05 320
1731937924099 3.3e-05 330
1731937949787 3.4000000000000007e-05 340
1731937976157 3.5e-05 350
1731938001856 3.6e-05 360
1731938027139 3.7e-05 370
1731938052619 3.8e-05 380
1731938079085 3.9000000000000006e-05 390
1731938105180 4e-05 400
1731938131015 4.1e-05 410
1731938157040 4.2e-05 420
1731938182771 4.3e-05 430
1731938209077 4.4000000000000006e-05 440
1731938234102 4.5e-05 450
1731938259292 4.600000000000001e-05 460
1731938284619 4.7e-05 470
1731938311006 4.8e-05 480
1731938336829 4.9e-05 490
1731938362474 5e-05 500
1731938421019 4.880952380952381e-05 510
1731938446353 4.761904761904762e-05 520
1731938472175 4.642857142857143e-05 530
1731938497653 4.523809523809524e-05 540
1731938523459 4.404761904761905e-05 550
1731938549343 4.2857142857142856e-05 560
1731938575197 4.166666666666667e-05 570
1731938601569 4.047619047619048e-05 580
1731938627179 3.928571428571429e-05 590
1731938653071 3.809523809523809e-05 600
1731938678687 3.690476190476191e-05 610
1731938704615 3.571428571428572e-05 620
1731938731064 3.4523809523809526e-05 630
1731938756267 3.3333333333333335e-05 640
1731938782286 3.2142857142857144e-05 650
1731938807260 3.095238095238095e-05 660
1731938833926 2.9761904761904762e-05 670
1731938860362 2.857142857142857e-05 680
1731938885416 2.7380952380952383e-05 690
1731938910952 2.6190476190476192e-05 700
1731938936861 2.5e-05 710
1731938962830 2.380952380952381e-05 720
1731938988222 2.261904761904762e-05 730
1731939013989 2.1428571428571428e-05 740
1731939039131 2.023809523809524e-05 750
1731939064870 1.9047619047619046e-05 760
1731939090423 1.785714285714286e-05 770
1731939116386 1.6666666666666667e-05 780
1731939142324 1.5476190476190476e-05 790
1731939167850 1.4285714285714285e-05 800
1731939193677 1.3095238095238096e-05 810
1731939219012 1.1904761904761905e-05 820
1731939244856 1.0714285714285714e-05 830
1731939270817 9.523809523809523e-06 840
1731939296036 8.333333333333334e-06 850
1731939321770 7.142857142857143e-06 860
1731939348111 5.9523809523809525e-06 870
1731939374025 4.7619047619047615e-06 880
1731939399559 3.5714285714285714e-06 890
1731939424752 2.3809523809523808e-06 900
1731939450044 1.1904761904761904e-06 910
1731939475978 0.0 920
