1731937105048 3.2171 10
1731937130652 2.9936 20
1731937155804 3.1081 30
1731937181199 3.0209 40
1731937207017 2.675 50
1731937233460 2.6908 60
1731937258866 2.7287 70
1731937284288 2.5227 80
1731937309094 2.3757 90
1731937334068 2.5693 100
1731937360387 2.3284 110
1731937385215 2.2579 120
1731937411110 2.102 130
1731937436744 2.1822 140
1731937462173 2.2067 150
1731937487822 1.9798 160
1731937513817 2.017 170
1731937538919 1.9744 180
1731937565169 1.8396 190
1731937590699 1.9165 200
1731937616834 1.8955 210
1731937642597 1.7724 220
1731937668245 1.8538 230
1731937693736 1.7738 240
1731937719237 1.8622 250
1731937744922 1.8157 260
1731937770255 1.7803 270
1731937795731 1.7476 280
1731937821762 1.8897 290
1731937847030 1.6864 300
1731937872964 1.871 310
1731937898147 1.899 320
1731937924099 1.8262 330
1731937949787 1.7326 340
1731937976157 1.7213 350
1731938001856 1.6446 360
1731938027139 1.6698 370
1731938052619 1.7038 380
1731938079085 1.6831 390
1731938105180 1.7086 400
1731938131015 1.7102 410
1731938157040 1.6182 420
1731938182771 1.8419 430
1731938209077 1.7291 440
1731938234102 1.6437 450
1731938259292 1.6964 460
1731938284619 1.6796 470
1731938311006 1.6475 480
1731938336829 1.6423 490
1731938362474 1.6516 500
1731938421019 1.6577 510
1731938446353 1.6294 520
1731938472175 1.6846 530
1731938497653 1.5646 540
1731938523459 1.6695 550
1731938549343 1.6964 560
1731938575197 1.7032 570
1731938601569 1.6438 580
1731938627179 1.5368 590
1731938653071 1.6724 600
1731938678687 1.5722 610
1731938704615 1.6437 620
1731938731064 1.6433 630
1731938756267 1.6311 640
1731938782286 1.5364 650
1731938807260 1.5419 660
1731938833926 1.5957 670
1731938860362 1.5843 680
1731938885416 1.5565 690
1731938910952 1.6406 700
1731938936861 1.5922 710
1731938962830 1.5647 720
1731938988222 1.5581 730
1731939013989 1.661 740
1731939039131 1.5696 750
1731939064870 1.5839 760
1731939090423 1.5671 770
1731939116386 1.5602 780
1731939142324 1.5402 790
1731939167850 1.6628 800
1731939193677 1.5512 810
1731939219012 1.62 820
1731939244856 1.6264 830
1731939270817 1.5227 840
1731939296036 1.5504 850
1731939321770 1.5868 860
1731939348111 1.5975 870
1731939374025 1.5359 880
1731939399559 1.5445 890
1731939424752 1.5573 900
1731939450044 1.5255 910
1731939475978 1.5904 920
