1731940914500 0.010860711376595167 10
1731940944280 0.021721422753190334 20
1731940973779 0.0325821341297855 30
1731941002999 0.04344284550638067 40
1731941032402 0.054303556882975834 50
1731941062075 0.065164268259571 60
1731941091783 0.07602497963616617 70
1731941121580 0.08688569101276133 80
1731941150778 0.0977464023893565 90
1731941180166 0.10860711376595167 100
1731941210305 0.11946782514254684 110
1731941239538 0.130328536519142 120
1731941269764 0.14118924789573717 130
1731941299532 0.15204995927233234 140
1731941329206 0.1629106706489275 150
