1731940914500 397.1033935546875 10
1731940944280 2224.688720703125 20
1731940973779 223.7559814453125 30
1731941002999 154.5240478515625 40
1731941032402 169.92974853515625 50
1731941062075 221.7389678955078 60
1731941091783 147.28977966308594 70
1731941121580 333.4718933105469 80
1731941150778 388.5267028808594 90
1731941180166 94.38738250732422 100
1731941210305 287.2819519042969 110
1731941239538 201.3440704345703 120
1731941269764 1028.058837890625 130
1731941299532 115.5062026977539 140
1731941329206 479.6870422363281 150
