1731941818006 0.010860711376595167 10
1731941857645 0.021721422753190334 20
1731941897734 0.0325821341297855 30
1731941938107 0.04344284550638067 40
1731941978318 0.054303556882975834 50
1731942019308 0.065164268259571 60
1731942058876 0.07602497963616617 70
1731942099106 0.08688569101276133 80
1731942138923 0.0977464023893565 90
1731942179581 0.10860711376595167 100
1731942220053 0.11946782514254684 110
1731942260275 0.130328536519142 120
1731942300448 0.14118924789573717 130
1731942341038 0.15204995927233234 140
1731942381549 0.1629106706489275 150
1731942421939 0.17377138202552267 160
1731942451868 0.18463209340211784 170
1731942481399 0.195492804778713 180
1731942511579 0.20635351615530817 190
1731942541849 0.21721422753190334 200
1731942571844 0.2280749389084985 210
1731942601978 0.23893565028509367 220
1731942631775 0.24979636166168884 230
1731942661463 0.260657073038284 240
1731942691120 0.27151778441487917 250
1731942721517 0.28237849579147434 260
1731942751155 0.2932392071680695 270
1731942781034 0.30409991854466467 280
1731942810460 0.31496062992125984 290
1731942839959 0.325821341297855 300
1731942869954 0.33668205267445017 310
1731942899623 0.34754276405104534 320
1731942929476 0.3584034754276405 330
1731942959181 0.3692641868042357 340
1731942989403 0.38012489818083084 350
1731943019669 0.390985609557426 360
1731943049444 0.4018463209340212 370
1731943079274 0.41270703231061634 380
1731943109362 0.4235677436872115 390
1731943138768 0.4344284550638067 400
1731943168767 0.44528916644040184 410
1731943198361 0.456149877816997 420
1731943227962 0.4670105891935922 430
1731943257960 0.47787130057018734 440
1731943287743 0.4887320119467825 450
1731943317067 0.4995927233233777 460
1731943347306 0.5104534346999728 470
1731943377530 0.521314146076568 480
1731943407562 0.5321748574531632 490
1731943436946 0.5430355688297583 500
1731943461661 0.5430355688297583 500
1731943492136 0.5538962802063535 510
1731943522185 0.5647569915829487 520
1731943551875 0.5756177029595438 530
1731943581866 0.586478414336139 540
1731943611529 0.5973391257127342 550
1731943641131 0.6081998370893293 560
1731943671502 0.6190605484659245 570
1731943701975 0.6299212598425197 580
1731943731900 0.6407819712191148 590
1731943762266 0.65164268259571 600
1731943792204 0.6625033939723052 610
1731943822827 0.6733641053489003 620
1731943852893 0.6842248167254955 630
1731943882510 0.6950855281020907 640
1731943913195 0.7059462394786858 650
1731943943257 0.716806950855281 660
1731943973525 0.7276676622318762 670
1731944003753 0.7385283736084713 680
1731944033664 0.7493890849850665 690
1731944063818 0.7602497963616617 700
1731944093595 0.7711105077382568 710
1731944124060 0.781971219114852 720
1731944153678 0.7928319304914472 730
1731944183793 0.8036926418680423 740
1731944213488 0.8145533532446375 750
