1731941818006 397.1033935546875 10
1731941857645 2224.688720703125 20
1731941897734 223.7559814453125 30
1731941938107 154.5240478515625 40
1731941978318 169.92974853515625 50
1731942019308 221.7389678955078 60
1731942058876 147.28977966308594 70
1731942099106 333.4718933105469 80
1731942138923 388.5267028808594 90
1731942179581 94.38738250732422 100
1731942220053 287.2819519042969 110
1731942260275 201.3440704345703 120
1731942300448 1028.058837890625 130
1731942341038 115.5062026977539 140
1731942381549 479.6870422363281 150
1731942421939 130.9732666015625 160
1731942451868 1638.7135009765625 170
1731942481399 88.07748413085938 180
1731942511579 112.4341812133789 190
1731942541849 127.90232849121094 200
1731942571844 121.0477066040039 210
1731942601978 80.13185119628906 220
1731942631775 85.78903198242188 230
1731942661463 138.2442626953125 240
1731942691120 83.85774230957031 250
1731942721517 63.979339599609375 260
1731942751155 137.27011108398438 270
1731942781034 76.32926177978516 280
1731942810460 92.64778137207031 290
1731942839959 83.4024429321289 300
1731942869954 61.78476333618164 310
1731942899623 72.46604919433594 320
1731942929476 196.85047912597656 330
1731942959181 65.99281311035156 340
1731942989403 59.629486083984375 350
1731943019669 65.89375305175781 360
1731943049444 74.87445068359375 370
1731943079274 59.4373779296875 380
1731943109362 60.94777297973633 390
1731943138768 78.61628723144531 400
1731943168767 60.76327133178711 410
1731943198361 74.93901824951172 420
1731943227962 90.81108856201172 430
1731943257960 157.3493194580078 440
1731943287743 206.80528259277344 450
1731943317067 1085.8992919921875 460
1731943347306 63.37049865722656 470
1731943377530 67.53302001953125 480
1731943407562 114.08273315429688 490
1731943436946 50.74275588989258 500
1731943492136 107.18868255615234 510
1731943522185 68.91865539550781 520
1731943551875 83.01788330078125 530
1731943581866 121.99409484863281 540
1731943611529 62.91220474243164 550
1731943641131 84.82102966308594 560
1731943671502 67.9525146484375 570
1731943701975 66.66622161865234 580
1731943731900 62.60954284667969 590
1731943762266 64.87530517578125 600
1731943792204 69.9986572265625 610
1731943822827 65.24777221679688 620
1731943852893 62.760101318359375 630
1731943882510 117.47440338134766 640
1731943913195 237.8188934326172 650
1731943943257 62.23744583129883 660
1731943973525 49.88499069213867 670
1731944003753 69.2118911743164 680
1731944033664 101.72006225585938 690
1731944063818 50.72418975830078 700
1731944093595 66.4371109008789 710
1731944124060 68.5652847290039 720
1731944153678 43.67155838012695 730
1731944183793 58.478450775146484 740
1731944213488 70.03878784179688 750
