1731941818006 1.0000000000000002e-06 10
1731941857645 2.0000000000000003e-06 20
1731941897734 3e-06 30
1731941938107 4.000000000000001e-06 40
1731941978318 5e-06 50
1731942019308 6e-06 60
1731942058876 7.000000000000001e-06 70
1731942099106 8.000000000000001e-06 80
1731942138923 9e-06 90
1731942179581 1e-05 100
1731942220053 1.1000000000000001e-05 110
1731942260275 1.2e-05 120
1731942300448 1.3000000000000001e-05 130
1731942341038 1.4000000000000001e-05 140
1731942381549 1.5e-05 150
1731942421939 1.6000000000000003e-05 160
1731942451868 1.7000000000000003e-05 170
1731942481399 1.8e-05 180
1731942511579 1.9e-05 190
1731942541849 2e-05 200
1731942571844 2.1e-05 210
1731942601978 2.2000000000000003e-05 220
1731942631775 2.3000000000000003e-05 230
1731942661463 2.4e-05 240
1731942691120 2.5e-05 250
1731942721517 2.6000000000000002e-05 260
1731942751155 2.7000000000000002e-05 270
1731942781034 2.8000000000000003e-05 280
1731942810460 2.9e-05 290
1731942839959 3e-05 300
1731942869954 3.1e-05 310
1731942899623 3.2000000000000005e-05 320
1731942929476 3.3e-05 330
1731942959181 3.4000000000000007e-05 340
1731942989403 3.5e-05 350
1731943019669 3.6e-05 360
1731943049444 3.7e-05 370
1731943079274 3.8e-05 380
1731943109362 3.9000000000000006e-05 390
1731943138768 4e-05 400
1731943168767 4.1e-05 410
1731943198361 4.2e-05 420
1731943227962 4.3e-05 430
1731943257960 4.4000000000000006e-05 440
1731943287743 4.5e-05 450
1731943317067 4.600000000000001e-05 460
1731943347306 4.7e-05 470
1731943377530 4.8e-05 480
1731943407562 4.9e-05 490
1731943436946 5e-05 500
1731943492136 4.880952380952381e-05 510
1731943522185 4.761904761904762e-05 520
1731943551875 4.642857142857143e-05 530
1731943581866 4.523809523809524e-05 540
1731943611529 4.404761904761905e-05 550
1731943641131 4.2857142857142856e-05 560
1731943671502 4.166666666666667e-05 570
1731943701975 4.047619047619048e-05 580
1731943731900 3.928571428571429e-05 590
1731943762266 3.809523809523809e-05 600
1731943792204 3.690476190476191e-05 610
1731943822827 3.571428571428572e-05 620
1731943852893 3.4523809523809526e-05 630
1731943882510 3.3333333333333335e-05 640
1731943913195 3.2142857142857144e-05 650
1731943943257 3.095238095238095e-05 660
1731943973525 2.9761904761904762e-05 670
1731944003753 2.857142857142857e-05 680
1731944033664 2.7380952380952383e-05 690
1731944063818 2.6190476190476192e-05 700
1731944093595 2.5e-05 710
1731944124060 2.380952380952381e-05 720
1731944153678 2.261904761904762e-05 730
1731944183793 2.1428571428571428e-05 740
1731944213488 2.023809523809524e-05 750
