1731941818006 3.2153 10
1731941857645 2.9495 20
1731941897734 3.2503 30
1731941938107 3.1261 40
1731941978318 2.8406 50
1731942019308 2.715 60
1731942058876 2.5997 70
1731942099106 2.6396 80
1731942138923 2.4826 90
1731942179581 2.5629 100
1731942220053 2.1795 110
1731942260275 2.2575 120
1731942300448 2.1497 130
1731942341038 2.1282 140
1731942381549 2.2842 150
1731942421939 2.0479 160
1731942451868 1.99 170
1731942481399 1.9288 180
1731942511579 1.8768 190
1731942541849 1.8821 200
1731942571844 1.8663 210
1731942601978 1.8455 220
1731942631775 1.8505 230
1731942661463 1.7682 240
1731942691120 1.781 250
1731942721517 1.7815 260
1731942751155 1.7346 270
1731942781034 1.7473 280
1731942810460 1.8368 290
1731942839959 1.6783 300
1731942869954 1.8337 310
1731942899623 1.8842 320
1731942929476 1.8354 330
1731942959181 1.7339 340
1731942989403 1.7699 350
1731943019669 1.647 360
1731943049444 1.7115 370
1731943079274 1.7325 380
1731943109362 1.7144 390
1731943138768 1.7357 400
1731943168767 1.7034 410
1731943198361 1.626 420
1731943227962 1.7482 430
1731943257960 1.7185 440
1731943287743 1.6675 450
1731943317067 1.7183 460
1731943347306 1.6986 470
1731943377530 1.6262 480
1731943407562 1.6796 490
1731943436946 1.668 500
1731943492136 1.6656 510
1731943522185 1.6578 520
1731943551875 1.6836 530
1731943581866 1.5937 540
1731943611529 1.6762 550
1731943641131 1.7048 560
1731943671502 1.7217 570
1731943701975 1.6318 580
1731943731900 1.5597 590
1731943762266 1.6795 600
1731943792204 1.5386 610
1731943822827 1.6228 620
1731943852893 1.6468 630
1731943882510 1.6438 640
1731943913195 1.5504 650
1731943943257 1.5606 660
1731943973525 1.5997 670
1731944003753 1.5678 680
1731944033664 1.5663 690
1731944063818 1.6327 700
1731944093595 1.6055 710
1731944124060 1.6075 720
1731944153678 1.5346 730
1731944183793 1.6609 740
1731944213488 1.5667 750
